# PDF (pixel-parsed, source of truth) vs hand-built .als — review queue
# Step positions compared instrument-agnostically. PDF is authoritative;
# these are candidate manual .als errors (verified e.g. DRUM ROLL 15).

20 mismatches:

~ COW’D BELL - B
    pdf [1, 1, 2, 3, 3, 4, 4, 4, 5, 5, 6, 7, 8, 8, 8, 9, 9, 10, 11, 11, 12, 12, 12, 13, 13, 14, 14, 15, 16, 16, 16]
    als [1, 1, 2, 3, 3, 4, 4, 4, 5, 5, 6, 7, 8, 8, 8, 9, 9, 10, 11, 11, 12, 12, 12, 13, 14, 14, 15, 16, 16, 16]
~ DRUM AND BASS 2 - A
    pdf [1, 1, 3, 5, 5, 7, 8, 9, 10, 11, 12, 13, 13, 15, 16]
    als [1, 1, 3, 5, 5, 7, 8, 9, 10, 11, 12, 13, 13, 15]
~ DRUM ROLL 15
    pdf [1, 2, 4, 5, 8, 9, 10, 12, 13, 16]
    als [1, 2, 3, 4, 5, 7, 8, 9, 10, 11, 12, 13, 15, 16]
~ DUBSTEP - A
    pdf [1, 2, 3, 5, 7, 9, 11, 12, 14, 15]
    als [1, 2, 3, 5, 7, 9, 10, 11, 12, 14, 15]
~ DUBSTEP - RATCHETED
    pdf [1, 1, 2, 3, 3, 4, 4, 5, 6, 7, 7, 8, 9, 9, 10, 12, 12, 13, 13, 14, 16, 16]
    als [1, 1, 2, 3, 3, 3, 3, 3, 4, 4, 5, 5, 6, 7, 7, 8, 9, 9, 10, 12, 12, 13, 13, 14, 16, 16]
~ FRENCH HOUSE
    pdf [1, 1, 1, 2, 2, 2, 3, 3, 4, 4, 5, 5, 5, 5, 6, 6, 7, 7, 8, 8, 8, 9, 9, 9, 10, 10, 10, 11, 11, 12, 12, 13, 13, 13, 13, 14, 14, 15, 15, 16, 16, 16]
    als [1, 1, 1, 1, 2, 2, 3, 3, 3, 4, 5, 5, 5, 5, 5, 6, 7, 7, 7, 8, 8, 9, 9, 9, 9, 10, 10, 11, 11, 11, 12, 13, 13, 13, 13, 13, 14, 15, 15, 15, 16, 16]
~ HIP HOP 6
    pdf [1, 1, 3, 3, 5, 5, 7, 9, 11, 11, 12, 13, 13, 15, 16]
    als [1, 1, 3, 3, 5, 5, 7, 9, 10, 11, 11, 13, 13, 15, 16]
~ HIP HOP 8
    pdf [1, 1, 2, 4, 4, 5, 5, 6, 7, 8, 9, 9, 10, 11, 12, 12, 13, 13, 14, 15, 16]
    als [1, 1, 2, 4, 4, 5, 5, 7, 7, 8, 9, 9, 10, 11, 12, 12, 13, 13, 15, 15, 16]
~ HOT SWEAT - B
    pdf [1, 2, 3, 3, 4, 4, 4, 5, 5, 6, 7, 8, 9, 10, 11, 11, 12, 12, 12, 13, 13, 14, 15, 15]
    als [1, 2, 3, 4, 4, 4, 5, 5, 5, 6, 7, 8, 9, 10, 11, 11, 12, 12, 12, 13, 13, 14, 15, 15]
~ I GOT THE FEELIN’ - B
    pdf [1, 2, 3, 3, 5, 5, 6, 7, 8, 9, 9, 10, 11, 11, 12, 13, 13, 14, 15, 15, 15, 16]
    als [1, 2, 3, 3, 5, 5, 7, 7, 8, 9, 9, 10, 11, 11, 12, 13, 13, 14, 15, 15, 15, 16]
~ LOOK-KA PY PY - A
    pdf [1, 1, 2, 3, 4, 5, 5, 6, 7, 8, 9, 9, 11, 11, 11, 13, 14, 15, 15, 15]
    als [1, 1, 2, 3, 4, 5, 5, 6, 7, 7, 8, 9, 9, 11, 11, 11, 13, 14, 15, 15, 15]
~ POLYRHYTHMIC - A
    pdf [1, 3, 5, 7, 8, 9, 11, 12, 13, 15, 16]
    als [1, 3, 5, 7, 8, 9, 9, 11, 12, 13, 15, 16]
~ SLOW DEEP HOUSE [DIGIT-TYPO in PDF: ['OH: digit 13 sits in column 15']]
    pdf [1, 1, 1, 2, 3, 3, 4, 4, 5, 5, 5, 5, 6, 7, 7, 8, 8, 9, 9, 9, 10, 10, 11, 11, 12, 13, 13, 13, 13, 14, 15, 15, 16]
    als [1, 1, 1, 2, 3, 3, 4, 4, 5, 5, 5, 5, 6, 7, 7, 8, 8, 9, 9, 9, 9, 10, 10, 11, 12, 13, 13, 13, 13, 14, 15, 15, 16]
~ SON CLAVE
    pdf [1, 1, 1, 2, 3, 4, 4, 4, 5, 5, 6, 7, 7, 8, 8, 9, 9, 10, 11, 11, 12, 12, 13, 13, 13, 14, 15, 16, 16]
    als [1, 1, 2, 3, 4, 4, 4, 5, 5, 6, 7, 7, 8, 8, 9, 9, 10, 10, 11, 12, 12, 12, 13, 13, 14, 15, 16, 16]
~ STANDARD BREAK 2
    pdf [1, 1, 3, 5, 5, 7, 8, 9, 11, 11, 13, 15]
    als [1, 1, 3, 5, 5, 7, 8, 8, 9, 11, 11, 13, 13, 15]
~ TRAP - B
    pdf [1, 2, 3, 3, 5, 5, 7, 9, 9, 11, 13, 14, 15]
    als [1, 2, 2, 3, 3, 5, 5, 7, 9, 9, 11, 13, 14, 14, 15]
~ UNCONVENTIONAL SNARE 1 - A
    pdf [1, 5, 9, 11, 15]
    als [1, 4, 8, 10, 13]
~ UNCONVENTIONAL SNARE 4 - B
    pdf [1, 3, 5, 10, 11, 13]
    als [1, 3, 5, 7, 10, 13]
~ USE ME - A
    pdf [1, 1, 3, 3, 5, 5, 5, 6, 7, 7, 8, 8, 9, 10, 10, 11, 11, 13, 13, 13, 14, 15, 15, 16, 16]
    als [1, 1, 3, 3, 5, 5, 5, 6, 7, 7, 8, 8, 9, 9, 10, 10, 11, 13, 13, 13, 14, 15, 15, 16, 16]
~ USE ME - C
    pdf [1, 1, 2, 3, 3, 4, 5, 5, 6, 6, 7, 8, 8, 8, 9, 9, 10, 10, 11, 11, 12, 12, 13, 13, 14, 14, 15, 16, 16, 16]
    als [1, 1, 2, 3, 3, 4, 5, 6, 6, 7, 8, 8, 9, 9, 10, 11, 11, 12, 12, 13, 14, 14, 15, 16, 16]
